2083055057235218529
2083046998232780873
2082982322102472741
2083038694055821806
2083024864257204527
2082991460593324233
2083014786107977737
2079958982093922646
2079199850168758637
2082858482123022755
2082780660163305895
2081318396243947848
2082742076840509707
2081705880689545247
2082468021407285579
2081054081385439587
2008079453
2083011551393685955
2082878156483219672
2082777333086453883
2082419067722604915
2082728260069462462
2081203240662872502
2082692418986803663
2082673200769769832
2082016824141717744
2083069716273528998
2082880720989532597
2082835339820097539
2029538271211237703
2082815511340171400
2082756547202208207
2082392112700748146
2082749658540216666
2080655419207561479
2083008371448528896
2082993053535780888
2082993053535780888
2082492528650223804
2082784431115280690
2082674896426156538
2082781922397450288
2062812355101368697
2082674896426156538
2082798872896917661
2083084254179975582
2081356415382261815
2083069404821238222
2081903834054422619
2083063364939551095
2083047007682437422
1181525473945411584
1175434072325337088
1167460528492466177
1162385212875128839
1159080229710761985
2068695629648310299
2066883499311673709
2082876664409731423
2071232169037516897
2082828565469364541
2082420884548071527
2082783265497162016
2081650804436439534
2082738214549197291
2080971415826637279
